4 42142.7 66132.1 4
3.97 1466.24 4392.41 4
3.94 30683 85293.3 4
3.91 2116.17 5050.92 4
3.88 42816.3 84209.8 4
3.85 352.001 737.218 4
3.82 9158.98 24187 4
3.79 22824.5 42787.9 4
3.76 108834 222081 4
3.73 351183 528162 4
3.7 12860 24239.3 4
3.67 886.16 1907.09 4
3.64 448418 729646 4
3.61 595.755 1257.89 4
3.58 87226.6 177161 4
3.55 663.244 1614.68 4
3.52 8314.81 20857.3 4
3.49 295.519 975.262 4
3.46 965.009 2193.26 4
3.43 218441 328116 4
3.4 108968 193524 4
3.37 185.77 427.66 4
3.34 83294.1 127635 4
3.31 20954 37906.2 4
3.28 52709.2 95186.1 4
3.25 9033.62 15587.6 4
3.22 5285.68 8560.11 4
3.19 957.865 1704.45 4
3.16 2984.27 6123.46 4
3.13 1755.66 2902.23 4
3.1 2207.35 4900.25 4
3.07 12570.6 26179 4
3.04 130752 192660 4
3.01 54608.4 88797.8 4
2.98 248.68 532.655 4
2.95 436.895 1094.13 4
2.92 4685.88 8342.91 4
2.89 63.2784 164.106 4
2.86 858.753 2050.98 4
2.83 358.996 1245.26 4
2.8 184.869 414.247 4
2.77 665.237 1747.79 4
2.74 920.432 1986.75 4
2.71 28881.4 51951 4
2.68 17935.3 71822.6 4
2.65 187943 392180 4
2.62 680.115 1946.26 4
2.59 1575.66 3577.62 4
2.56 1137.24 4282.86 4
2.53 59156.5 94745.8 4
2.5 5140.34 9818.22 4
2.47 222.215 426.954 4
2.44 14703.2 34027.9 4
2.41 21848.4 31926.6 4
2.38 132621 173947 4
2.35 417216 686910 4
2.32 4453.83 6785.1 4
2.29 46377.9 79082.8 4
2.26 93.5495 273.484 4
2.23 4137.29 7290.22 4
2.2 2201.81 4619.28 4
2.17 2030.84 6453.31 4
2.14 130.817 386.124 4
2.11 93595.9 143083 4
2.08 1828.8 5144.65 4
2.05 2035.55 5615.94 4
2.02 25244.2 43115.9 4
1.99 8654.08 13281.4 4
1.96 31096.4 54847.1 4
1.93 34131.4 62806.6 4
1.9 3015.27 11309.4 4
1.87 67595.8 107376 4
1.84 4919.24 12840.7 4
1.81 128.915 376.958 4
1.78 1424.99 2239.97 4
1.75 72.7477 193.656 4
1.72 5436.33 13554.6 4
1.69 49.5416 143.843 4
1.66 24011.8 48454.6 4
1.63 1183.68 2112.52 4
1.6 0.636972 1.30737 4
1.57 0.000550033 0.000651466 4
1.54 0 0 4
1.51 0 0 4
1.48 0 0 4
1.45 0 0 4
1.42 0 0 4
1.39 0 0 4
1.36 0 0 4
1.33 0.000146276 0.000335957 4
1.3 0 0 4
1.27 0 0 4
1.24 0 0 4
1.21 0 0 4
1.18 0 0 4
1.15 0 0 4
1.12 0 0 4
1.09 0 0 4
1.06 0 0 4
1.03 0 0 4
4 41003.9 76759.7 4
3.97 10935.4 22984.7 4
3.94 1820.68 4404.4 4
3.91 115984 227870 4
3.88 1525.26 3707.06 4
3.85 61000.2 107632 4
3.82 744.267 2087.29 4
3.79 15986.4 35147.7 4
3.76 3938.85 6487.55 4
3.73 2005.68 6405.89 4
3.7 162358 271957 4
3.67 145974 200979 4
3.64 34780.8 93829.9 4
3.61 441623 681709 4
3.58 12820.5 22909.8 4
3.55 1904.82 3876.08 4
3.52 74303.3 107917 4
3.49 13916.5 26186.2 4
3.46 51605.3 82803.1 4
3.43 92531.5 141838 4
3.4 824.137 2236.02 4
3.37 16611.9 33598.8 4
3.34 123828 305693 4
3.31 144512 199580 4
3.28 29098.6 61962.6 4
3.25 451352 805633 4
3.22 68039 96554.6 4
3.19 5315.67 9946.08 4
3.16 67882.5 160961 4
3.13 1088.05 3518 4
3.1 444105 558132 4
3.07 5898.14 11752 4
3.04 5332.55 8723.44 4
3.01 23444.5 39866.6 4
2.98 16980 27290.7 4
2.95 33169.9 87419.1 4
2.92 2422.56 4846.81 4
2.89 1749.61 5129.24 4
2.86 12272.1 29618.5 4
2.83 3526.23 7214.24 4
2.8 1255.36 2745.89 4
2.77 251.24 858.382 4
2.74 173.443 520.659 4
2.71 46778.1 98322.7 4
2.68 3605.79 5534.07 4
2.65 432877 662455 4
2.62 62358.2 109197 4
2.59 1958.95 3499.16 4
2.56 216.795 597.428 4
2.53 390.296 778.659 4
2.5 1683.34 2478.27 4
2.47 29256.9 56653.8 4
2.44 918.893 1968.14 4
2.41 52.862 131.226 4
2.38 72645.3 249771 4
2.35 442.462 1360.31 4
2.32 31544.5 50860.7 4
2.29 41968.3 102062 4
2.26 58031.2 93310.1 4
2.23 684.16 1591.69 4
2.2 465.274 1685.22 4
2.17 102.802 268.977 4
2.14 725.889 1645.63 4
2.11 37617.2 64519.3 4
2.08 5145.78 19388.6 4
2.05 27965.1 47266.9 4
2.02 209.384 606.001 4
1.99 27743.2 36628.7 4
1.96 7712.94 11798 4
1.93 16985.1 35052.2 4
1.9 69120.2 128907 4
1.87 21979.8 37502.9 4
1.84 2045.84 5131.31 4
1.81 3753.85 10754.1 4
1.78 2083.87 7735.81 4
1.75 19364.2 25108.4 4
1.72 255.405 544.536 4
1.69 1264.11 2256.99 4
1.66 194.201 335.269 4
1.63 0.227232 0.466935 4
1.6 9.0476 16.358 4
1.57 0.00869971 0.0103539 4
1.54 0 0 4
1.51 0 0 4
1.48 0 0 4
1.45 0 0 4
1.42 0 0 4
1.39 0 0 4
1.36 0 0 4
1.33 0.000146276 0.000335957 4
1.3 0 0 4
1.27 0 0 4
1.24 0 0 4
1.21 0 0 4
1.18 0 0 4
1.15 0 0 4
1.12 0 0 4
1.09 0 0 4
1.06 0 0 4
1.03 0 0 4
4 18408.8 30227.9 4
3.97 13758.8 36115.1 4
3.94 1791.53 3836.08 4
3.91 85470.7 161472 4
3.88 88771.5 126838 4
3.85 3358.11 8324.67 4
3.82 1216.95 3788.65 4
3.79 188130 359870 4
3.76 261.472 797.585 4
3.73 552.468 1020.14 4
3.7 437.509 1474.26 4
3.67 113474 228293 4
3.64 24353.8 51852.3 4
3.61 3044.88 11387.7 4
3.58 340.068 980.146 4
3.55 8559.85 16658.3 4
3.52 17638.5 29010 4
3.49 6010.13 13837.2 4
4 63634.5 91560.4 4
3.97 45198.7 94102.5 4
3.94 7813.52 18073.3 4
3.91 4485.45 8759.86 4
3.88 18869.8 37965.4 4
3.85 62924.6 100274 4
3.82 35256.2 80190.9 4
3.79 364.459 998.964 4
3.76 37260.9 60234.8 4
3.73 418.769 925.179 4
3.7 344.908 856.53 4
3.67 27030 49410.5 4
3.64 16076.2 30910.9 4
3.61 156018 291387 4
3.58 104842 153043 4
3.55 43474.3 61945.1 4
3.52 17317.4 27239.9 4
3.49 623.128 1321.7 4
3.46 137076 405236 4
3.43 8109.73 14143.4 4
3.4 1491.67 3593.03 4
3.37 1831.9 5516.7 4
3.34 2011.57 5397.15 4
3.31 29539.1 39293.1 4
3.28 10466.3 17549.1 4
3.25 13106.6 24652.3 4
3.22 21661.1 72094.2 4
3.19 716.522 1703.82 4
3.16 9137.96 23090.3 4
3.13 392.763 1030.22 4
3.1 7048.75 19885 4
3.07 216.762 749.342 4
3.04 3359.82 7020.69 4
3.01 2479.26 4717.45 4
2.98 410.979 773.841 4
2.95 6013.52 9087.92 4
2.92 7714.8 14201.7 4
2.89 1430.35 5130.2 4
2.86 109920 157976 4
2.83 4908.24 12293.6 4
2.8 629.676 1396.81 4
2.77 87.9658 257.961 4
2.74 11607.5 23944.1 4
2.71 2776.3 4382.39 4
2.68 6223.06 10694.1 4
2.65 78333.1 145657 4
2.62 11348.2 22298 4
2.59 19323.6 36967.7 4
2.56 76105.1 177280 4
2.53 1952.15 11507.4 4
2.5 91.5593 197.026 4
2.47 4658.57 7275.61 4
2.44 491.384 877.76 4
2.41 389.657 919.213 4
2.38 8831.32 12068.9 4
2.35 1481.92 4803.47 4
2.32 29553.7 38995.2 4
2.29 6022.19 9562.85 4
2.26 1845.19 4375.62 4
2.23 832.035 1337.12 4
2.2 6820.87 10987.7 4
2.17 1895.14 3860.92 4
2.14 4401.25 18469.8 4
2.11 10219.5 18985.3 4
2.08 1772.16 2572.48 4
2.05 25067.9 42688.3 4
2.02 252.142 634.969 4
1.99 1339.74 3219.88 4
1.96 20.924 48.2015 4
1.93 9.00663 20.8288 4
1.9 3.01146 5.03838 4
1.87 0 0 4
1.84 0 0 4
1.81 0 0 4
1.78 0 0 4
1.75 0 0 4
1.72 0 0 4
1.69 0 0 4
1.66 0 0 4
1.63 0 0 4
1.6 0 0 4
1.57 0 0 4
1.54 0 0 4
1.51 0 0 4
1.48 0 0 4
1.45 0 0 4
1.42 0 0 4
1.39 0 0 4
1.36 0 0 4
1.33 0.000146276 0.000335957 4
1.3 0 0 4
1.27 0 0 4
1.24 0 0 4
1.21 0 0 4
1.18 0 0 4
1.15 0 0 4
1.12 0 0 4
1.09 0 0 4
1.06 0 0 4
1.03 0 0 4
4 118155 250548 4
3.97 504.685 1280.96 4
3.94 994.876 1965.35 4
3.91 1791.87 3566.45 4
3.88 8324.58 13834.4 4
3.85 1274.6 2142.55 4
3.82 680.367 1674.02 4
3.79 7673.03 13379.8 4
3.76 1509.89 3582.48 4
3.73 1755.55 3388.34 4
3.7 14018.5 34443 4
3.67 161.099 385.145 4
3.64 3259.87 6781.16 4
3.61 9999.8 16508.3 4
3.58 953.094 3239.33 4
3.55 3482.66 8358.38 4
3.52 38571.8 55428.6 4
3.49 2611.1 4836.09 4
3.46 1491.32 4131.05 4
3.43 2772.3 5481.01 4
3.4 1679.49 3045.49 4
3.37 11752.6 20865.9 4
3.34 4006.66 16694.3 4
3.31 7769.58 16594 4
3.28 92734.4 143340 4
3.25 2330.24 4198.14 4
3.22 3210.37 14553 4
3.19 1887.87 3127.37 4
3.16 1345.18 3554.3 4
3.13 1985.18 4798.3 4
3.1 16977.6 25823 4
3.07 23921.3 53856.1 4
3.04 48838.7 77498.2 4
3.01 3783.7 7573.23 4
2.98 6991.56 15313.9 4
2.95 186832 243608 4
2.92 887089 1.15861e+06 4
2.89 14137.4 26598 4
2.86 697.994 1088.39 4
2.83 2994.71 6476.66 4
2.8 97582.1 146559 4
2.77 5266.4 17164.2 4
2.74 578.06 1543.37 4
2.71 75.8117 197.896 4
2.68 1.8426 5.22264 4
2.65 247.424 451.347 4
2.62 6.71547 12.4648 4
2.59 16.1688 36.4837 4
2.56 0.170314 0.44102 4
2.53 0.00785685 0.0131168 4
2.5 0.258979 0.550761 4
2.47 0.739504 1.16995 4
2.44 4.91361e-06 6.15741e-05 4
2.41 0 0 4
2.38 0 0 4
2.35 0 0 4
2.32 0 0 4
2.29 0 0 4
2.26 0 0 4
2.23 0 0 4
2.2 0 0 4
2.17 0 0 4
2.14 0 0 4
2.11 0 0 4
2.08 0 0 4
2.05 0 0 4
2.02 0 0 4
1.99 0 0 4
1.96 0.01248 0.0279263 4
1.93 0 0 4
1.9 0 0 4
1.87 0 0 4
1.84 0 0 4
1.81 0 0 4
1.78 0 0 4
1.75 0 0 4
1.72 0 0 4
1.69 0 0 4
1.66 0 0 4
1.63 0 0 4
1.6 0 0 4
1.57 0 0 4
1.54 0 0 4
1.51 0 0 4
1.48 0 0 4
1.45 0 0 4
1.42 0 0 4
1.39 0 0 4
1.36 0 0 4
1.33 0 0 4
1.3 0 0 4
1.27 0 0 4
1.24 0 0 4
1.21 0 0 4
1.18 0 0 4
1.15 0 0 4
1.12 0 0 4
1.09 0 0 4
1.06 0 0 4
1.03 0 0 4
4 50810 89274.3 4
3.97 772.776 2441.78 4
3.94 2651.35 5295.13 4
3.91 2744.25 6247.34 4
3.88 157070 233930 4
3.85 11952.2 41109.4 4
3.82 370.573 1407.87 4
3.79 4023.78 10141.7 4
3.76 15791.5 42568.8 4
3.73 5035.01 11943.2 4
3.7 902.813 2047.91 4
3.67 91934 128251 4
3.64 71180.8 122557 4
3.61 430.207 1627.45 4
3.58 342994 490896 4
3.55 817.837 1469.47 4
3.52 1612.06 4370.71 4
3.49 325.485 750.727 4
3.46 3135.1 6509.23 4
3.43 3926.98 6810.79 4
3.4 139089 267304 4
3.37 87152.3 132467 4
3.34 563.289 1297.21 4
3.31 1923.95 3833.2 4
3.28 7527.23 18132.2 4
3.25 8163.94 36275 4
3.22 94366 167846 4
3.19 12346.3 21596.6 4
3.16 97075.6 151311 4
3.13 7815.68 25193 4
3.1 11433.9 17381.5 4
3.07 1871.41 3403.53 4
3.04 8580.05 13495.7 4
3.01 69396.5 165027 4
2.98 25774.3 61745.1 4
2.95 18198.9 27578.3 4
2.92 1383.86 2756.34 4
2.89 8116.58 13804.9 4
2.86 4751.92 18675.9 4
2.83 38293.3 68310 4
2.8 5578.06 13786.3 4
2.77 71.7677 156.675 4
2.74 22003.7 34524.6 4
2.71 417.774 907.612 4
2.68 87437.3 161262 4
2.65 7899.6 17768.6 4
2.62 352.559 1059.98 4
2.59 22425 31552.7 4
2.56 1342.14 3884.92 4
2.53 1039.86 2178.95 4
2.5 577.028 1500.71 4
2.47 92852.8 150346 4
2.44 11861.8 31490.3 4
2.41 47858.1 98752 4
2.38 23132.7 42602.1 4
2.35 406.315 690.155 4
2.32 12216.4 20099.4 4
2.29 346710 521358 4
2.26 44197.4 78436.4 4
2.23 26427.9 42573.2 4
2.2 536.639 1619.33 4
2.17 60227.8 105399 4
2.14 6135.68 10132.5 4
2.11 1518.66 4219.08 4
2.08 2540.16 4831.02 4
2.05 2265.62 6185.86 4
2.02 31.897 108.644 4
1.99 2952.67 9874.82 4
1.96 2760.21 6610.31 4
1.93 476.386 1418.52 4
1.9 395.356 1157.35 4
1.87 86910.3 202901 4
1.84 68206.6 125639 4
1.81 39857.9 54706.8 4
1.78 1306.24 3646.19 4
1.75 80.4821 207.402 4
1.72 217.31 519.794 4
1.69 14558.5 22228.6 4
1.66 1691.42 4258.85 4
1.63 24.0825 35.13 4
1.6 0.0002717 0.00045787 4
1.57 0.000550033 0.000651466 4
1.54 0 0 4
1.51 0 0 4
1.48 0 0 4
1.45 0 0 4
1.42 0 0 4
1.39 0 0 4
1.36 0 0 4
1.33 0 0 4
1.3 0 0 4
1.27 0 0 4
1.24 0 0 4
1.21 0 0 4
1.18 0 0 4
1.15 0 0 4
1.12 0 0 4
1.09 0 0 4
1.06 0 0 4
1.03 0 0 4
4 51120.9 86456.5 4
3.97 6222.81 16073.3 4
3.94 2715.56 5125.15 4
3.91 13030.9 19495.4 4
3.88 888.971 2220.01 4
3.85 15705.6 35798.5 4
3.82 86037.9 272346 4
3.79 7314.44 13815.9 4
3.76 631.157 1565.28 4
3.73 44183.5 59677.3 4
3.7 3702.31 5644.37 4
3.67 1207.06 2369.84 4
3.64 1356.79 2310.74 4
3.61 5881.2 16773.3 4
3.58 60292.7 172579 4
3.55 472.042 1511.96 4
3.52 1231.73 1723.49 4
3.49 8804.31 14131.7 4
3.46 106.59 186.144 4
3.43 192.709 349.706 4
3.4 33.78 73.5926 4
3.37 0.524405 1.72833 4
3.34 0.264902 1.02442 4
3.31 0.192246 0.376688 4
3.28 2.60722 4.22632 4
3.25 0.00927958 0.0153934 4
3.22 0.103357 0.205897 4
3.19 0.0169839 0.0246941 4
3.16 0.000389185 0.000547994 4
3.13 0.000423102 0.00228526 4
3.1 0 0 4
3.07 0.000694615 0.000732099 4
3.04 0 0 4
3.01 0 0 4
2.98 0 0 4
2.95 0 0 4
2.92 0 0 4
2.89 0 0 4
2.86 0.000790078 0.00185394 4
2.83 0 0 4
2.8 0 0 4
2.77 0 0 4
2.74 0 0 4
2.71 0 0 4
2.68 0 0 4
2.65 0.00643026 0.0200451 4
2.62 0 0 4
2.59 0 0 4
2.56 0 0 4
2.53 0 0 4
2.5 0 0 4
2.47 0 0 4
2.44 0 0 4
2.41 0 0 4
2.38 0 0 4
2.35 0 0 4
2.32 0 0 4
2.29 0 0 4
2.26 0 0 4
2.23 0 0 4
2.2 0 0 4
2.17 0 0 4
2.14 0 0 4
2.11 0 0 4
2.08 0 0 4
2.05 0 0 4
2.02 0 0 4
1.99 0 0 4
1.96 0.000154174 0.000344907 4
1.93 0 0 4
1.9 0 0 4
1.87 0 0 4
1.84 0 0 4
1.81 0 0 4
1.78 0 0 4
1.75 0 0 4
1.72 0 0 4
1.69 0 0 4
1.66 0 0 4
1.63 0 0 4
1.6 0 0 4
1.57 0 0 4
1.54 0 0 4
1.51 0 0 4
1.48 0 0 4
1.45 0 0 4
1.42 0 0 4
1.39 0 0 4
1.36 0 0 4
1.33 0 0 4
1.3 0 0 4
1.27 0 0 4
1.24 0 0 4
1.21 0 0 4
1.18 0 0 4
1.15 0 0 4
1.12 0 0 4
1.09 0 0 4
1.06 0 0 4
1.03 0 0 4
6 1117.85 2934.38 4
5.95 15144 38506.6 4
5.9 26206.5 130629 4
5.85 2436.7 6469.29 4
5.8 17055.6 44110.2 4
5.75 2178.78 4779.08 4
5.7 2878.31 5688.81 4
5.65 604.84 1715.17 4
5.6 25801 77614.3 4
5.55 37506.6 66555.7 4
5.5 16830.6 30164.4 4
5.45 7867.32 18377.4 4
5.4 24673 44304.2 4
5.35 300963 421813 4
5.3 1137.51 2951.16 4
5.25 69378.8 157382 4
5.2 380507 571312 4
5.15 53485.4 96292.1 4
5.1 68107.8 92530.6 4
5.05 536772 1.16862e+06 4
5 909.085 1894.43 4
4.95 32308.3 62039.2 4
4.9 33864.3 77901.3 4
4.85 53331.6 78918.9 4
4.8 40460.6 65769.2 4
4.75 54751.7 99229.1 4
4.7 61621.1 88326.8 4
4.65 6121.62 10995 4
4.6 215891 369890 4
4.55 262144 435423 4
4.5 119291 155403 4
4.45 91831.2 204834 4
4.4 14355 23005.8 4
4.35 45119.9 142944 4
4.3 2055.52 3522.98 4
4.25 681.886 1793.33 4
4.2 9879.47 15692.8 4
4.15 131157 437931 4
4.1 16304.7 40013.4 4
4.05 28000.6 79420.6 4
4 1106.49 2046.82 4
3.95 255.636 709.801 4
3.9 7134.21 15771 4
3.85 3258.33 6449.18 4
3.8 14123.5 22975.6 4
3.75 6845.53 17234.7 4
3.7 132.444 266.174 4
3.65 6802.7 16791.4 4
3.6 56047.3 91171.7 4
3.55 2105.06 4928.02 4
3.5 148.126 547.449 4
3.45 82.5456 166.015 4
3.4 2.56144 6.13702 4
3.35 24.8604 41.8182 4
3.3 0.71723 1.85052 4
3.25 0.454126 1.5713 4
3.2 0.0162329 0.0269576 4
3.15 0.0313329 0.0408688 4
3.1 0.000737273 0.000754244 4
3.05 0 0 4
3 0 0 4
2.95 0 0 4
2.9 0 0 4
2.85 0 0 4
2.8 0 0 4
2.75 0 0 4
2.7 0 0 4
2.65 0 0 4
2.6 0 0 4
2.55 0 0 4
2.5 0 0 4
2.45 0 0 4
2.4 0 0 4
2.35 0 0 4
2.3 0 0 4
2.25 0 0 4
2.2 0 0 4
2.15 0 0 4
2.1 0 0 4
2.05 0 0 4
2 0 0 4
1.95 0 0 4
1.9 0 0 4
1.85 0 0 4
1.8 0 0 4
1.75 0 0 4
1.7 0 0 4
1.65 0 0 4
1.6 0 0 4
1.55 0 0 4
1.5 0 0 4
1.45 0 0 4
1.4 0 0 4
1.35 0 0 4
1.3 0 0 4
1.25 0 0 4
1.2 0 0 4
1.15 0 0 4
1.1 0 0 4
1.05 0 0 4
6 83351 117849 4
5.95 134270 274930 4
5.9 896792 1.42514e+06 4
5.85 18100.9 43952.8 4
5.8 63611.3 140790 4
5.75 4754.97 11671.5 4
5.7 10298.7 26247.2 4
5.65 1.67751e+06 2.77353e+06 4
5.6 27072.7 38496.6 4
5.55 4754.75 10534.7 4
5.5 373336 542392 4
5.45 739239 963217 4
5.4 3030.72 9113.48 4
5.35 1819.96 5197.16 4
5.3 1.3378e+06 1.89576e+06 4
5.25 1257.96 3345.62 4
5.2 104371 151246 4
5.15 530697 955698 4
5.1 1758.66 4897.25 4
5.05 126898 185926 4
5 3383.88 8675.51 4
4.95 94255.9 186506 4
4.9 7392.22 17899.8 4
4.85 138.285 307.868 4
4.8 77890.8 160814 4
4.75 144227 332349 4
4.7 610.751 1807.47 4
4.65 4950.94 18550 4
4.6 12832.3 19541.9 4
4.55 3324.4 7921.79 4
4.5 4641.91 10412.8 4
4.45 3239.26 7572.68 4
4.4 1.41476e+06 2.67658e+06 4
4.35 1033.62 6482.03 4
4.3 3653.46 8205.32 4
4.25 7946.94 14377.6 4
4.2 3464.05 8199.78 4
4.15 67091.5 132211 4
4.1 2034.44 5802.65 4
4.05 33767.8 50987.4 4
4 27611.3 66441.8 4
3.95 407.152 1732.58 4
3.9 145660 237665 4
3.85 12224.9 23886 4
3.8 3744.56 6318.27 4
3.75 2259.31 4370.84 4
3.7 46598.7 66623.9 4
3.65 96047.4 285048 4
3.6 2301.16 7563.88 4
3.55 3187.37 10357.4 4
3.5 2924.8 7850.81 4
3.45 59636.1 91652.3 4
3.4 22273.2 38705.3 4
3.35 140976 218038 4
3.3 5891.29 12734.7 4
3.25 152434 236946 4
3.2 7430.28 19072.7 4
3.15 6219.4 13677 4
3.1 244156 322692 4
3.05 565.15 1329.16 4
3 5258.77 7987.02 4
2.95 8211.69 27220.6 4
2.9 80.3123 254.459 4
2.85 15883 21848.3 4
2.8 17494.9 27111 4
2.75 12227.4 18243.9 4
2.7 18568.5 28529.7 4
2.65 433.277 629.798 4
2.6 60.3039 126.757 4
2.55 0.404761 0.763422 4
2.5 0.00879844 0.00999444 4
2.45 0.00182258 0.00321273 4
2.4 0 0 4
2.35 0 0 4
2.3 0 0 4
2.25 0 0 4
2.2 0 0 4
2.15 0 0 4
2.1 0 0 4
2.05 0 0 4
2 0 0 4
1.95 0 0 4
1.9 0 0 4
1.85 0 0 4
1.8 0 0 4
1.75 0 0 4
1.7 0 0 4
1.65 0 0 4
1.6 0 0 4
1.55 0 0 4
1.5 0 0 4
1.45 0 0 4
1.4 0 0 4
1.35 0 0 4
1.3 0 0 4
1.25 0 0 4
1.2 0 0 4
1.15 0 0 4
1.1 0 0 4
1.05 0 0 4
6 3.86008e+06 5.953e+06 4
5.95 14811.8 33279.5 4
5.9 4387.31 13584.8 4
5.85 322.213 876.533 4
5.8 771113 1.23183e+06 4
5.75 5379.11 10639.7 4
5.7 499072 737000 4
5.65 252689 514459 4
5.6 11985 15512.2 4
5.55 2459.66 7287.89 4
5.5 57835.8 78288.1 4
5.45 26355.9 45522.5 4
5.4 203071 309908 4
5.35 766063 1.27238e+06 4
5.3 175218 282058 4
5.25 595.809 2032.11 4
5.2 9794.53 17782.4 4
5.15 685540 1.30499e+06 4
5.1 416.455 1180.02 4
5.05 5574.59 9606.62 4
5 53932.6 68936.6 4
4.95 83921.7 199221 4
4.9 12995.2 23072.5 4
4.85 35103.8 66486.4 4
4.8 126064 211773 4
4.75 6806.07 28099.6 4
4.7 59936 136884 4
4.65 9922.69 30426.2 4
4.6 86863.7 109038 4
4.55 8319.23 22743.8 4
4.5 726.136 1742.6 4
4.45 7019.9 13976.7 4
4.4 630055 938575 4
4.35 12354.5 30996.8 4
4.3 57972.8 126848 4
4.25 266886 365024 4
4.2 857159 1.27575e+06 4
4.15 500847 743736 4
4.1 113896 216384 4
4.05 387.186 806.88 4
4 1005.11 3151.71 4
3.95 518840 961439 4
3.9 35089.3 93023.7 4
3.85 29565.3 65663.3 4
3.8 18021.3 35452.5 4
3.75 84104 151077 4
3.7 481134 775256 4
3.65 2182.6 5755.85 4
3.6 4641.63 10635.7 4
3.55 35410.7 45900.1 4
3.5 14333.1 28428.6 4
3.45 208201 279369 4
3.4 1699.65 4576.85 4
3.35 230102 315847 4
3.3 703.582 1653.29 4
3.25 5849.94 17831.9 4
3.2 974.23 1903.87 4
3.15 1306.67 2984.21 4
3.1 13852.3 26194.2 4
3.05 1313.99 4134.94 4
3 7515.4 17646.5 4
2.95 1670.04 3221.72 4
2.9 84424.5 235247 4
2.85 5238.14 7377.25 4
2.8 25524.9 36458.6 4
2.75 6624.62 17374.1 4
2.7 1208.69 2143.39 4
2.65 2567.26 7698.29 4
2.6 40771.4 69456.1 4
2.55 1360.32 3672.17 4
2.5 71340.3 128597 4
2.45 55547.8 83411.1 4
2.4 4579.14 13478.2 4
2.35 99266.5 192466 4
2.3 22046.6 43517.4 4
2.25 37059.5 65396 4
2.2 714.973 1348.17 4
2.15 9214.34 17073.4 4
2.1 10161.5 12606.7 4
2.05 8913.78 14460.6 4
2 910.423 1983.96 4
1.95 8.19701 22.1124 4
1.9 0.00357073 0.00599414 4
1.85 0 0 4
1.8 0 0 4
1.75 0 0 4
1.7 0 0 4
1.65 0 0 4
1.6 0 0 4
1.55 0.000146276 0.000335957 4
1.5 0 0 4
1.45 0 0 4
1.4 0 0 4
1.35 0 0 4
1.3 0 0 4
1.25 0 0 4
1.2 0 0 4
1.15 0 0 4
1.1 0 0 4
1.05 0 0 4
6 88694.5 222450 4
5.95 60844.7 123267 4
5.9 165500 288937 4
5.85 1503.87 3474.91 4
5.8 3880.41 10509.2 4
5.75 9434.22 19157.6 4
5.7 944075 1.80144e+06 4
5.65 2762 5940.61 4
5.6 26276.1 66210.5 4
5.55 108643 171029 4
5.5 1369.08 3074.41 4
5.45 111866 179820 4
5.4 7224.31 13556.1 4
5.35 48065.4 124612 4
5.3 93056.4 155175 4
5.25 9049.1 13294.6 4
5.2 14085.7 34894.8 4
5.15 16315 38139.1 4
5.1 1.06231e+06 1.536e+06 4
5.05 7566.01 11261.5 4
5 104.216 416.345 4
4.95 229432 276328 4
4.9 23693.9 44157.6 4
4.85 3001.81 7205.17 4
4.8 10217.3 18185.1 4
4.75 6391.43 17605.2 4
4.7 38178.5 63075.9 4
4.65 1590.12 3368.67 4
4.6 22152.8 70048.1 4
4.55 7928.32 18000.5 4
4.5 17157.2 24991.5 4
4.45 3260.02 9841.38 4
4.4 147806 282172 4
4.35 866.574 2384.93 4
4.3 4323.13 10298.1 4
4.25 504.901 1107.92 4
4.2 3563.24 6142.96 4
4.15 16565.9 23905.3 4
4.1 27526.4 47611.6 4
4.05 1781.39 5049.38 4
4 12681.2 24538.7 4
3.95 967.819 2045.19 4
3.9 184432 544294 4
3.85 33444.5 46673.3 4
3.8 824268 1.2911e+06 4
3.75 45006.4 65138.5 4
3.7 8371.36 49419.9 4
3.65 25902.2 102759 4
3.6 371792 524333 4
3.55 965531 1.84967e+06 4
3.5 541.88 1584.17 4
3.45 2327.39 4581.45 4
3.4 152.25 499.282 4
3.35 1479.28 3818.86 4
3.3 3874.07 8702.22 4
3.25 8781.9 20169.7 4
3.2 2446.51 8130.68 4
3.15 5053.59 10111 4
3.1 4820.26 15005.9 4
3.05 26834.9 62483 4
3 31709.9 48340 4
2.95 120003 207340 4
2.9 119165 265946 4
2.85 9519.74 15114.5 4
2.8 120786 155948 4
2.75 11265.7 22713.5 4
2.7 13083 23089.5 4
2.65 1528.71 2946.39 4
2.6 31178 38825.1 4
2.55 797.762 3246.91 4
2.5 3659.63 6362.65 4
2.45 2103.61 4755.4 4
2.4 38032.5 59701.1 4
2.35 685.79 1338.46 4
2.3 35820.4 53047.3 4
2.25 533.339 1117.27 4
2.2 758.528 1562.66 4
2.15 14269.8 23090 4
2.1 2400.73 5774.62 4
2.05 3938.87 7831.59 4
2 8549.11 14352.7 4
1.95 227000 341755 4
1.9 26975.7 47750 4
1.85 373.144 966.982 4
1.8 2641.38 4629.61 4
1.75 34650.5 46647.1 4
1.7 18086.2 30876.5 4
1.65 207.305 378.206 4
1.6 0 0 4
1.55 0.000146276 0.000335957 4
1.5 0 0 4
1.45 0 0 4
1.4 0 0 4
1.35 0 0 4
1.3 0 0 4
1.25 0 0 4
1.2 0 0 4
1.15 0 0 4
1.1 0 0 4
1.05 0 0 4
6 41621.2 69462.2 4
5.95 246624 323957 4
5.9 2760.36 8974.05 4
5.85 92225.1 135909 4
5.8 959.513 3172.5 4
5.75 8856.72 13573.7 4
5.7 1252.75 2646.65 4
5.65 8154.57 18558.1 4
5.6 6564.88 15525.6 4
5.55 1.1725e+06 1.98894e+06 4
5.5 157112 222910 4
5.45 13884 21253.6 4
5.4 5094.95 14319.6 4
5.35 5200.34 14521.5 4
5.3 30312.6 75020.7 4
5.25 44885.5 79816 4
5.2 61958.7 105859 4
5.15 15930.5 45362.4 4
5.1 2.50727e+06 4.22846e+06 4
5.05 12693.4 35576 4
5 23528.8 34236.5 4
4.95 16539.4 33061 4
4.9 320.976 1028.42 4
4.85 10577 24676.9 4
4.8 238464 508846 4
4.75 1033.44 2965.55 4
4.7 19749.1 59362.3 4
4.65 1305.42 3331 4
4.6 14089.2 40801.7 4
4.55 2384.15 4780.1 4
4.5 354778 619469 4
4.45 660.123 1621.98 4
4.4 157735 520621 4
4.35 1420.65 3125.36 4
4.3 25378.8 57982.8 4
4.25 19526.9 40417.6 4
4.2 40673.8 116112 4
4.15 159.615 450.518 4
4.1 103369 148564 4
4.05 505.198 1141.28 4
4 1099.2 3081.39 4
3.95 670562 985393 4
3.9 98404.3 237113 4
3.85 281623 550348 4
3.8 18558.2 38241.8 4
3.75 244873 394474 4
3.7 3679.19 9052.29 4
3.65 234051 424345 4
3.6 1149.18 8283.88 4
3.55 25635.6 53716.3 4
3.5 125879 211212 4
3.45 34580.9 57997 4
3.4 20184.5 48979.3 4
3.35 22052 39184.9 4
3.3 184.852 432.082 4
3.25 8685.24 14453.1 4
3.2 4760.99 6562.13 4
3.15 16964.2 26250.8 4
3.1 59752.3 119005 4
3.05 680.578 1520.1 4
3 181.713 679.115 4
2.95 49030.9 67579.9 4
2.9 290.254 759.624 4
2.85 1292.42 2566.69 4
2.8 41238.2 83930.5 4
2.75 12535.5 29069.3 4
2.7 807.221 1485.15 4
2.65 259063 314147 4
2.6 4458.54 8239.25 4
2.55 4149.95 9133.6 4
2.5 2623 10248 4
2.45 1104.89 2744.93 4
2.4 452.844 1019.63 4
2.35 1682.92 7240.08 4
2.3 740.367 1982.59 4
2.25 2684.67 5785.15 4
2.2 445.467 1317.36 4
2.15 222.584 504.033 4
2.1 365.966 1176.18 4
2.05 3945.26 5946.41 4
2 2018.75 2937.31 4
1.95 880.746 2612.26 4
1.9 35.0926 91.3624 4
1.85 117.852 291.677 4
1.8 4252.8 7773.09 4
1.75 146.02 378.87 4
1.7 2289.23 5601.06 4
1.65 53.6083 117.511 4
1.6 7431.62 28248.6 4
1.55 3386.87 10026.5 4
1.5 2825.9 5017.95 4
1.45 4797.39 7922.22 4
1.4 1232.15 2141.54 4
1.35 4019.98 6572.45 4
1.3 6.08843 13.8405 4
1.25 88.8636 159.05 4
1.2 1846.23 5271.53 4
1.15 5980.98 9288.76 4
1.1 6.7378 13.6385 4
1.05 19.3784 40.6883 4
6 640.342 2809.21 4
5.95 12977.4 30761.9 4
5.9 3140.79 8527.1 4
5.85 20749.1 38081.4 4
5.8 209240 334564 4
5.75 1366.21 3108.57 4
5.7 42604 88347.4 4
5.65 41243.2 54477.5 4
5.6 21848.7 42535.8 4
5.55 259211 348842 4
5.5 330724 409926 4
5.45 2143.88 7044.08 4
5.4 60496.3 93864.7 4
5.35 33707.6 69409 4
5.3 403.103 909.855 4
5.25 22925.1 47419.6 4
5.2 6332.14 14450 4
5.15 947.173 2900.12 4
5.1 40750.7 87001.2 4
5.05 590.356 1641.7 4
5 2992.28 7257.25 4
4.95 42366.5 78554.6 4
4.9 599.974 1414.53 4
4.85 16440.3 38471.9 4
4.8 1288.45 3251.79 4
4.75 1411.06 4028.54 4
4.7 1572.42 2760.55 4
4.65 8099.92 18521.4 4
4.6 57772.2 82631.7 4
4.55 49730.1 68014.7 4
4.5 11302.4 19790.4 4
4.45 3975.12 8641.75 4
4.4 1576.83 3663.59 4
4.35 10828.8 25968.7 4
4.3 295485 377130 4
4.25 976.954 2077.79 4
4.2 1356.48 3140.4 4
4.15 9344.21 18778.4 4
4.1 72785.5 139017 4
4.05 4941.76 12613.7 4
4 1355.74 2774.61 4
3.95 8888.55 16289.9 4
3.9 85003.3 123238 4
3.85 3318.54 6194.7 4
3.8 40328.5 51311.6 4
3.75 152748 277668 4
3.7 1498.85 3202.51 4
3.65 25538 58235.8 4
3.6 14951.4 20377.1 4
3.55 1434.53 5346.3 4
3.5 12394.3 16596.8 4
3.45 124544 215230 4
3.4 696.874 3810.96 4
3.35 14229.1 43263.4 4
3.3 242.305 517.219 4
3.25 158850 270884 4
3.2 299837 444679 4
3.15 68656.9 165570 4
3.1 656.649 1368.25 4
3.05 8983.23 14773.8 4
3 6006.7 12298.4 4
2.95 947.621 2244.64 4
2.9 275.019 574.748 4
2.85 29798.6 88879.2 4
2.8 33485.9 70765 4
2.75 86475.7 146081 4
2.7 296539 388773 4
2.65 315.059 654.899 4
2.6 131.242 306.111 4
2.55 1217.66 2375.4 4
2.5 21716.2 32026.5 4
2.45 6307.56 13828.8 4
2.4 894.381 1853.62 4
2.35 92.2384 217.832 4
2.3 38278.2 61368.2 4
2.25 44.1677 167.705 4
2.2 10543.5 20076.6 4
2.15 3163.48 6184.66 4
2.1 208.121 449.649 4
2.05 1147.86 2456.66 4
2 1015.99 3672.26 4
1.95 142635 213954 4
1.9 11954.2 17491.7 4
1.85 126.113 344.449 4
1.8 8119.78 12713.8 4
1.75 457.983 1430.2 4
1.7 311.516 659.472 4
1.65 52104.6 77384.9 4
1.6 953.267 2237.17 4
1.55 203.459 615.367 4
1.5 858.061 2044.12 4
1.45 368.725 992.325 4
1.4 816.327 1373.24 4
1.35 0 0 4
1.3 0 0 4
1.25 0 0 4
1.2 0 0 4
1.15 0 0 4
1.1 0 0 4
1.05 0 0 4
6 529236 994015 12
5.95 1.26216e+06 1.84955e+06 12
5.9 182935 424711 12
5.85 104984 375321 12
5.8 1.46406e+06 2.53336e+06 12
5.75 98875.3 212050 12
5.7 1.70178e+07 2.81768e+07 12
5.65 1.06344e+06 2.43349e+06 12
5.6 8612.98 21499.8 12
5.55 4590.98 11402.8 12
5.5 807642 1.858e+06 12
5.45 417569 597945 12
5.4 1.50007e+06 3.41342e+06 12
5.35 228546 454640 12
5.3 3.1735e+06 5.4965e+06 12
5.25 996192 1.71587e+06 12
5.2 574321 826061 12
5.15 989061 1.34829e+06 12
5.1 4202.29 9644.08 12
5.05 14342.9 33153.6 12
5 197865 249500 12
4.95 118980 242194 12
4.9 196025 419007 12
4.85 3.53841e+06 4.48695e+06 12
4.8 144177 408384 12
4.75 1.64108e+06 3.54072e+06 12
4.7 40416.3 73406.4 12
4.65 272765 392177 12
4.6 241961 431845 12
4.55 325783 706210 12
4.5 27311.5 61405.2 12
4.45 6655.82 15736.9 12
4.4 199813 338205 12
4.35 10216 20577.7 12
4.3 237676 396301 12
4.25 23653.8 59330.6 12
4.2 1.59837e+06 2.36705e+06 12
4.15 54676.2 117665 12
4.1 135873 253707 12
4.05 68233.4 265527 12
4 123799 256496 12
3.95 220333 345277 12
3.9 204543 499174 12
3.85 8230.17 30641 12
3.8 107903 249818 12
3.75 944038 1.64859e+06 12
3.7 31409.4 80623.3 12
3.65 11266 47201.5 12
3.6 98721.7 259750 12
3.55 15504.4 35789.7 12
3.5 10931.7 34074.5 12
3.45 354926 531095 12
3.4 88442.2 162204 12
3.35 5803.73 14385.4 12
3.3 31289.7 58797.3 12
3.25 15368.4 29489.3 12
3.2 85880.1 150792 12
3.15 7059.05 24965.1 12
3.1 5312.73 12649.2 12
3.05 143785 271058 12
3 7.08997e+06 8.90156e+06 12
2.95 32083.1 97717.5 12
2.9 34158.1 77382 12
2.85 79319.8 225196 12
2.8 77937.6 126633 12
2.75 3.56555e+06 5.0669e+06 12
2.7 1.60186e+06 2.12371e+06 12
2.65 21345.8 45736.8 12
2.6 2.71838e+06 4.6849e+06 12
2.55 11949.5 29829.2 12
2.5 1.23294e+06 1.76516e+06 12
2.45 98886.3 146954 12
2.4 812151 979313 12
2.35 645162 1.35839e+06 12
2.3 1.94087e+06 3.95527e+06 12
2.25 123052 647345 12
2.2 478939 1.08576e+06 12
2.15 40606.6 119196 12
2.1 1630.72 5412.7 12
2.05 646828 975806 12
2 303312 473966 12
1.95 2304.21 4687.57 12
1.9 22950.3 96323.2 12
1.85 31415.4 78434 12
1.8 83666.3 171409 12
1.75 200503 340725 12
1.7 73348.2 212347 12
1.65 123634 222518 12
1.6 698687 904031 12
1.55 1.91282e+06 3.00273e+06 12
1.5 326902 546346 12
1.45 142167 258162 12
1.4 119373 230736 12
1.35 6736.38 31756.6 12
1.3 18.2461 38.8181 12
1.25 0 0 12
1.2 0 0 12
1.15 0 0 12
1.1 0 0 12
1.05 0 0 12
